2 2 1 1
0.0001
8 91 21


0.000000000 0.000000000 0.000000000
1 -19.49608279508409 2.0
2 -7.813201743626393 2.0
3 -3.1786585761124635 2.0
4 -3.178497073813955 2.0
5 2.87086285825049 0.0
6 5.710007939655238 0.0
7 7.458814412677911 0.0
8 8.17178161448795 0.0
9 8.172063546218567 0.0
10 11.258082016379516 0.0
11 12.786092797954774 0.0
12 15.242984641249409 0.0
13 18.513361717199455 0.0
14 22.14061168014615 0.0
15 27.946982697821504 0.0
16 28.456823502787607 0.0
17 28.45686992541254 0.0
18 31.55950747760936 0.0
19 31.55952443030299 0.0
20 34.350489431227984 0.0
21 34.682768974824185 0.0

0.3333333333E-01 0.000000000 0.000000000
1 -19.469897533886613 2.0
2 -7.781586121045757 2.0
3 -3.285267356031518 2.0
4 -3.2369410606100484 2.0
5 2.906629727465573 0.0
6 5.744567817900856 0.0
7 7.490249982958034 0.0
8 8.191570901934496 0.0
9 8.286915016942967 0.0
10 11.165734653242374 0.0
11 12.827960944328881 0.0
12 15.27077224492598 0.0
13 18.547222143088447 0.0
14 22.226629356469257 0.0
15 27.627840131220207 0.0
16 28.140478538806253 0.0
17 28.332167679801206 0.0
18 31.705593410142694 0.0
19 31.944096802344138 0.0
20 33.4509927590992 0.0
21 34.18964183867254 0.0

0.6666666667E-01 0.000000000 0.000000000
1 -19.391394739026623 2.0
2 -7.686989883776872 2.0
3 -3.5932782860261727 2.0
4 -3.4022488932541735 2.0
5 3.0139474837264353 0.0
6 5.848097052584791 0.0
7 7.584206970341229 0.0
8 8.239729090854016 0.0
9 8.623646680750198 0.0
10 10.898063185644162 0.0
11 12.958137217434885 0.0
12 15.353026191966165 0.0
13 18.647918933693486 0.0
14 22.475191111059893 0.0
15 26.603540343592407 0.0
16 27.45506785613851 0.0
17 28.421761577186885 0.0
18 31.516344477420734 0.0
19 31.905974602612034 0.0
20 32.83119278316706 0.0
21 33.2266661181725 0.0

0.1000000000 0.000000000 0.000000000
1 -19.26070046997204 2.0
2 -7.5293683480023805 2.0
3 -4.075919900889609 2.0
4 -3.654548529031932 2.0
5 3.1928439914925923 0.0
6 6.020353783463809 0.0
7 7.737158191404075 0.0
8 8.29434457438337 0.0
9 9.159892887028505 0.0
10 10.468713217648075 0.0
11 13.18567035831923 0.0
12 15.48699316628114 0.0
13 18.813238924384986 0.0
14 22.856703652515254 0.0
15 25.37323950201829 0.0
16 26.677616137072008 0.0
17 28.61266123423268 0.0
18 29.627721507227342 0.0
19 32.02719539625567 0.0
20 32.32543485622747 0.0
21 33.13827616135989 0.0

0.1333333333 0.000000000 0.000000000
1 -19.0780291959847 2.0
2 -7.309585624898219 2.0
3 -4.6979278413554075 2.0
4 -3.9673835588876014 2.0
5 3.4433122574377784 0.0
6 6.26044045928942 0.0
7 7.929838607825163 0.0
8 8.350619854512738 0.0
9 9.866660940486607 0.0
10 9.898416078565665 0.0
11 13.513791928626302 0.0
12 15.667238471713905 0.0
13 19.040341777060902 0.0
14 23.31201443675278 0.0
15 24.15048642414643 0.0
16 25.908563277677658 0.0
17 27.83364395431788 0.0
18 28.730353881169826 0.0
19 31.49187131854992 0.0
20 32.00599617532104 0.0
21 32.029624964876646 0.0

0.1666666667 0.000000000 0.000000000
1 -18.84369447114718 2.0
2 -7.028816704843625 2.0
3 -5.423444822935408 2.0
4 -4.314604129079488 2.0
5 3.765271178025289 0.0
6 6.566288780689006 0.0
7 8.075684846141607 0.0
8 8.48251738657687 0.0
9 9.211701883420302 0.0
10 10.71377858666224 0.0
11 13.931709544265201 0.0
12 15.88506582541951 0.0
13 19.32602987628119 0.0
14 23.00598709164308 0.0
15 23.696576321525665 0.0
16 25.18266683059532 0.0
17 26.23143167898539 0.0
18 28.471842065507257 0.0
19 30.44989457631341 0.0
20 30.727529574619748 0.0
21 31.396568118581808 0.0

0.2000000000 0.000000000 0.000000000
1 -18.55813042319451 2.0
2 -6.688337113405466 2.0
3 -6.220765044514954 2.0
4 -4.6737196098199405 2.0
5 4.158551291626137 0.0
6 6.930359199077821 0.0
7 8.08001481988206 0.0
8 8.440528802607238 0.0
9 8.786428055911486 0.0
10 11.67265124917174 0.0
11 14.413200261710783 0.0
12 16.126344817113985 0.0
13 19.666182239915187 0.0
14 21.97064987322782 0.0
15 23.466426808574905 0.0
16 24.514130706784357 0.0
17 25.28128121544511 0.0
18 27.598901284541174 0.0
19 28.9520356025648 0.0
20 30.032956736568828 0.0
21 31.043044917857227 0.0

0.2333333333 0.000000000 0.000000000
1 -18.221873864748854 2.0
2 -7.0638026562539435 2.0
3 -6.290510072402766 2.0
4 -5.027191021834213 2.0
5 4.622888677726261 0.0
6 7.244720741442533 0.0
7 7.714058720454863 0.0
8 8.0070163932124 0.0
9 9.208739491366384 0.0
10 12.716874125353394 0.0
11 14.916902316717858 0.0
12 16.3663196242096 0.0
13 20.05317237899909 0.0
14 21.06148530849678 0.0
15 22.282301991469712 0.0
16 23.90951473607911 0.0
17 25.14305206183738 0.0
18 26.40922649840458 0.0
19 27.737595815439892 0.0
20 29.408189022752236 0.0
21 30.52265434007772 0.0

0.2666666667 0.000000000 0.000000000
1 -17.835664648911997 2.0
2 -7.9320417641068754 2.0
3 -5.838406435753882 2.0
4 -5.361182305845634 2.0
5 5.157845265660765 0.0
6 6.603952751561278 0.0
7 7.903891016317436 0.0
8 7.959779581831169 0.0
9 9.71351253483447 0.0
10 13.821244494580883 0.0
11 15.377352678743982 0.0
12 16.561775876862775 0.0
13 20.29445693542205 0.0
14 20.43646979691248 0.0
15 20.968047522526575 0.0
16 23.37239309868819 0.0
17 24.691575710227657 0.0
18 25.20777904342985 0.0
19 27.153056623198022 0.0
20 28.8529737482373 0.0
21 30.009305660887883 0.0

0.3000000000 0.000000000 0.000000000
1 -17.40047634466104 2.0
2 -8.80908361935345 2.0
3 -5.665859125365698 2.0
4 -5.336736548840764 2.0
5 5.6927697441595 0.0
6 5.762620885569118 0.0
7 7.791937223528183 0.0
8 8.514521688435225 0.0
9 10.29084978471847 0.0
10 14.956110063002606 0.0
11 15.677500280032364 0.0
12 16.641587569333723 0.0
13 19.64470656762313 0.0
14 19.68961098496481 0.0
15 20.985833540371353 0.0
16 22.90474141200266 0.0
17 23.7667284589631 0.0
18 24.141122431026908 0.0
19 27.12100954504049 0.0
20 28.3666436354105 0.0
21 29.560017646238915 0.0

0.3333333333 0.000000000 0.000000000
1 -16.9175617179594 2.0
2 -9.681881918780013 2.0
3 -5.933503106742663 2.0
4 -4.792756814889716 2.0
5 4.765263967670101 0.0
6 6.435173363730634 0.0
7 7.685372819937817 0.0
8 9.143979725495768 0.0
9 10.93660010867176 0.0
10 15.605234860079706 0.0
11 16.089347892558454 0.0
12 16.51802810126259 0.0
13 18.729574583984284 0.0
14 19.256946697335348 0.0
15 21.40122456247048 0.0
16 22.50778725512682 0.0
17 22.854289776700725 0.0
18 23.3134311921354 0.0
19 27.208907914554878 0.0
20 27.94838438353842 0.0
21 29.161243814984314 0.0

0.3666666667 0.000000000 0.000000000
1 -16.388870766677982 2.0
2 -10.53974057939159 2.0
3 -6.158933702724802 2.0
4 -4.218915779150452 2.0
5 3.857641017767469 0.0
6 7.160919900565005 0.0
7 7.606032064044076 0.0
8 9.833519836708469 0.0
9 11.6476957113358 0.0
10 15.00388320264333 0.0
11 16.14747943277539 0.0
12 17.17792347522565 0.0
13 18.14735164398764 0.0
14 18.95269390740488 0.0
15 21.526479743450338 0.0
16 22.18216462614882 0.0
17 22.472756625341425 0.0
18 22.812937245278903 0.0
19 27.266718749536935 0.0
20 27.597236274239553 0.0
21 28.79761136657827 0.0

0.4000000000 0.000000000 0.000000000
1 -15.817650448663512 2.0
2 -11.372926567248392 2.0
3 -6.337673508280984 2.0
4 -3.637238566226109 2.0
5 3.0051985958295884 0.0
6 7.470363466507292 0.0
7 8.028112801366381 0.0
8 10.57460588367871 0.0
9 12.420522370947118 0.0
10 14.049311558238177 0.0
11 15.56786639941979 0.0
12 17.591418946716608 0.0
13 18.165036375610537 0.0
14 18.702409821727496 0.0
15 21.34445880254631 0.0
16 21.928593511137326 0.0
17 22.662175950321775 0.0
18 22.757657156294155 0.0
19 27.29270320158847 0.0
20 27.313277159289946 0.0
21 28.093396473136327 0.0

0.4333333333 0.000000000 0.000000000
1 -15.211076191499103 2.0
2 -12.16953583966063 2.0
3 -6.467051815648741 2.0
4 -3.090877637335419 2.0
5 2.259909839234888 0.0
6 7.423713974802239 0.0
7 8.893620917351754 0.0
8 11.353944862043994 0.0
9 12.97132752874683 0.0
10 13.254454054190328 0.0
11 14.852061869087022 0.0
12 16.8478094981022 0.0
13 18.489909325455187 0.0
14 18.975655011176165 0.0
15 21.33686015899405 0.0
16 21.747292482831238 0.0
17 22.771740403803484 0.0
18 23.134666362988426 0.0
19 27.099233154276742 0.0
20 27.328080180619146 0.0
21 27.40125693166629 0.0

0.4666666667 0.000000000 0.000000000
1 -14.596295823795883 2.0
2 -12.899504767298788 2.0
3 -6.545350998590007 2.0
4 -2.666100178437507 2.0
5 1.713240950106295 0.0
6 7.388936764656952 0.0
7 9.833942984649148 0.0
8 11.88965117265007 0.0
9 12.134993159011119 0.0
10 14.087266157600112 0.0
11 14.13098116524898 0.0
12 15.969412970250728 0.0
13 18.345538333396096 0.0
14 19.51829833408362 0.0
15 21.432861524220215 0.0
16 21.63844206700918 0.0
17 22.97233668051199 0.0
18 23.409161545560245 0.0
19 26.875151230788838 0.0
20 26.962817949772116 0.0
21 27.409865090436888 0.0

0.5000000000 0.000000000 0.000000000
1 -14.198448692626718 2.0
2 -13.33602846216635 2.0
3 -6.571612457111249 2.0
4 -2.4970477749590625 2.0
5 1.5031026206675673 0.0
6 7.376870172030283 0.0
7 10.794975654345189 0.0
8 10.87782931584799 0.0
9 12.64558653840207 0.0
10 13.578312808458206 0.0
11 15.017392507593959 0.0
12 15.074349337708938 0.0
13 18.294760417246238 0.0
14 19.710702895076643 0.0
15 21.48285988041348 0.0
16 21.60214348730685 0.0
17 23.07241809650163 0.0
18 23.508266948990286 0.0
19 26.67059602936045 0.0
20 26.91535084842908 0.0
21 27.489163940795812 0.0

0.6666666667E-01 0.3333333333E-01 0.000000000
1 -19.41755621203024 2.0
2 -7.718472056277078 2.0
3 -3.4884419877787156 2.0
4 -3.352336195783672 2.0
5 2.9781731939663225 0.0
6 5.81361831597182 0.0
7 7.553133311498178 0.0
8 8.234948072059705 0.0
9 8.50247279681531 0.0
10 10.986468242055007 0.0
11 12.914505609963719 0.0
12 15.325766576259204 0.0
13 18.614488529341337 0.0
14 22.393913092224 0.0
15 26.855609221372525 0.0
16 27.804440830655622 0.0
17 28.291782064172548 0.0
18 31.841385737852736 0.0
19 32.367007867906345 0.0
20 32.57633104843276 0.0
21 32.6595064056649 0.0

0.1000000000 0.3333333333E-01 0.000000000
1 -19.312956549439857 2.0
2 -7.59235076680554 2.0
3 -3.874078354954602 2.0
4 -3.570943713538643 2.0
5 3.121291814627105 0.0
6 5.951533365826971 0.0
7 7.678240911524727 0.0
8 8.308197148250354 0.0
9 8.912147373343121 0.0
10 10.638416761299545 0.0
11 13.097265935933686 0.0
12 15.433607136720594 0.0
13 18.74744835310743 0.0
14 22.709132481703534 0.0
15 25.703080132603482 0.0
16 27.1737739277611 0.0
17 28.452244125807656 0.0
18 30.570662001050806 0.0
19 31.63202557705242 0.0
20 31.946196786654898 0.0
21 33.490405050653216 0.0

0.1333333333 0.3333333333E-01 0.000000000
1 -19.15627460378447 2.0
2 -7.403616825895122 2.0
3 -4.415186403286645 2.0
4 -3.8648254768096773 2.0
5 3.336001203341349 0.0
6 6.157803401605194 0.0
7 7.859239041727097 0.0
8 8.380591498472183 0.0
9 9.498557049064155 0.0
10 10.140275600695448 0.0
11 13.386257002197008 0.0
12 15.589873248855925 0.0
13 18.94355800012487 0.0
14 23.12965987608996 0.0
15 24.49001068912082 0.0
16 26.438106617469813 0.0
17 28.667488422347027 0.0
18 28.732866172404986 0.0
19 30.773738617384748 0.0
20 31.95602826050557 0.0
21 33.04808342299709 0.0

0.1666666667 0.3333333333E-01 0.000000000
1 -18.94776852132198 2.0
2 -7.153281318861153 2.0
3 -5.078767597612665 2.0
4 -4.205024439942621 2.0
5 3.622257628690218 0.0
6 6.431149531691143 0.0
7 8.062614586023503 0.0
8 8.460712374877073 0.0
9 9.514163935560141 0.0
10 10.237006856934887 0.0
11 13.780455788524351 0.0
12 15.787002427602983 0.0
13 19.199838109319277 0.0
14 23.325222830030885 0.0
15 23.568061728047603 0.0
16 25.697953178176967 0.0
17 27.014289905933868 0.0
18 28.71266226234507 0.0
19 29.980928239529877 0.0
20 31.373321213620777 0.0
21 31.61671383885735 0.0

0.2000000000 0.3333333333E-01 0.000000000
1 -18.68782669561055 2.0
2 -6.842618696420738 2.0
3 -5.831998241369389 2.0
4 -4.566755275043641 2.0
5 3.9799332515811274 0.0
6 6.76808075292055 0.0
7 8.172949089082307 0.0
8 8.656519365972132 0.0
9 8.78653298301685 0.0
10 11.09883085599008 0.0
11 14.262508442865016 0.0
12 16.01271099878018 0.0
13 19.512738027446588 0.0
14 22.25737844606058 0.0
15 23.74691674661315 0.0
16 24.984707914095434 0.0
17 25.63376084590146 0.0
18 28.214116114679477 0.0
19 29.194906748795354 0.0
20 29.865931261359805 0.0
21 31.019522824147092 0.0

0.2333333333 0.3333333333E-01 0.000000000
1 -18.376921502709724 2.0
2 -6.645881432385228 2.0
3 -6.473379992230838 2.0
4 -4.929747869471223 2.0
5 4.408816323890868 0.0
6 7.146714520190787 0.0
7 8.001775618999494 0.0
8 8.149267269977184 0.0
9 9.016766674390961 0.0
10 12.054412717667336 0.0
11 14.800912639966146 0.0
12 16.246103540253486 0.0
13 19.87690703540891 0.0
14 21.314546525668238 0.0
15 22.95883134026034 0.0
16 24.305661678066514 0.0
17 25.1845686588703 0.0
18 27.176817221987466 0.0
19 28.143733891365635 0.0
20 28.893249892459085 0.0
21 30.791426208924335 0.0

0.2666666667 0.3333333333E-01 0.000000000
1 -18.01569098431964 2.0
2 -7.49695063987962 2.0
3 -6.048115209786811 2.0
4 -5.278108969542807 2.0
5 4.908574790515354 0.0
6 7.003232056084509 0.0
7 7.745776255119266 0.0
8 8.066190450616919 0.0
9 9.479220221663553 0.0
10 13.070207333458061 0.0
11 15.349661591133287 0.0
12 16.450724780995152 0.0
13 20.278002022400543 0.0
14 20.519307137025812 0.0
15 21.62623134927526 0.0
16 23.655880218537668 0.0
17 24.99352646586221 0.0
18 26.014099333049266 0.0
19 27.177092503255285 0.0
20 28.344933058105532 0.0
21 30.499573696686657 0.0

0.3000000000 0.3333333333E-01 0.000000000
1 -17.604995556309976 2.0
2 -8.366290026529716 2.0
3 -5.600822412890423 2.0
4 -5.570750348031175 2.0
5 5.478654507900522 0.0
6 6.132640499400366 0.0
7 7.960851106356487 0.0
8 8.243693373495844 0.0
9 10.019761674511182 0.0
10 14.096600961065606 0.0
11 15.843121381039506 0.0
12 16.56633390378908 0.0
13 19.89423013859315 0.0
14 20.223207223999243 0.0
15 20.80922591563814 0.0
16 23.025762357062295 0.0
17 24.26660207056849 0.0
18 24.961443474117107 0.0
19 26.762270931114987 0.0
20 27.99198203119955 0.0
21 30.081722533974105 0.0

0.3333333333 0.3333333333E-01 0.000000000
1 -17.1459415982707 2.0
2 -9.238842416658773 2.0
3 -5.889404475691636 2.0
4 -5.047004960075559 2.0
5 5.211726327481034 0.0
6 6.117971246524813 0.0
7 7.851982303800742 0.0
8 8.838840426697345 0.0
9 10.631039642921575 0.0
10 14.994265983084542 0.0
11 16.215204954027264 0.0
12 16.51517892218115 0.0
13 19.179766585374587 0.0
14 19.44650747526482 0.0
15 21.219094392340924 0.0
16 22.43294713462465 0.0
17 23.297138499792997 0.0
18 24.127700240608206 0.0
19 26.56429908104322 0.0
20 27.811880940671614 0.0
21 29.59416733732713 0.0

0.3666666667 0.3333333333E-01 0.000000000
1 -16.640048174954433 2.0
2 -10.102540063877349 2.0
3 -6.137383928385716 2.0
4 -4.486190224459919 2.0
5 4.294939004467243 0.0
6 6.8229240855503575 0.0
7 7.753388213202815 0.0
8 9.497566219904751 0.0
9 11.30930640879148 0.0
10 15.210693104161255 0.0
11 16.24797014338897 0.0
12 16.71016575393134 0.0
13 18.516452234065508 0.0
14 19.118667659814353 0.0
15 21.54416187366471 0.0
16 21.970534461575337 0.0
17 22.572608303760404 0.0
18 23.539642861027204 0.0
19 26.34908273331866 0.0
20 27.72382696284497 0.0
21 29.039207223981023 0.0

0.4000000000 0.3333333333E-01 0.000000000
1 -16.08982038562695 2.0
2 -10.947095842393223 2.0
3 -6.3404026116783365 2.0
4 -3.9046611612068545 2.0
5 3.4135049076650708 0.0
6 7.521802064230647 0.0
7 7.743454054465005 0.0
8 10.210624166245642 0.0
9 12.05113221634479 0.0
10 14.535015430943053 0.0
11 15.77956820340984 0.0
12 17.35523908852735 0.0
13 18.24587232915003 0.0
14 18.80629638000878 0.0
15 21.455869877842577 0.0
16 21.748490270909873 0.0
17 22.585488089617066 0.0
18 23.169983455200246 0.0
19 26.133684706052687 0.0
20 27.64281852993376 0.0
21 28.41124984589145 0.0

0.4333333333 0.3333333333E-01 0.000000000
1 -15.499872663697104 2.0
2 -11.76230891371995 2.0
3 -6.495211072438659 2.0
4 -3.3329369917223772 2.0
5 2.6086734574788975 0.0
6 7.563930784118306 0.0
7 8.476208598107473 0.0
8 10.96720321733929 0.0
9 12.85148951979122 0.0
10 13.530162475465895 0.0
11 15.157785056205816 0.0
12 17.16355244553766 0.0
13 18.491743908952476 0.0
14 18.644337183277226 0.0
15 21.38027893804997 0.0
16 21.735348874785846 0.0
17 22.94061502876485 0.0
18 22.99797604592657 0.0
19 25.955013135768656 0.0
20 27.557283510131917 0.0
21 27.75449895713679 0.0

0.4666666667 0.3333333333E-01 0.000000000
1 -14.883174690557157 2.0
2 -12.531188080114756 2.0
3 -6.59950474026957 2.0
4 -2.8325472508695086 2.0
5 1.9489836377833105 0.0
6 7.520741565759036 0.0
7 9.381372860484712 0.0
8 11.744599199323343 0.0
9 12.449104323968704 0.0
10 13.708104141130958 0.0
11 14.441812726859764 0.0
12 16.41125866531914 0.0
13 18.241410600598513 0.0
14 19.225092986009614 0.0
15 21.48154510514309 0.0
16 21.784275390801714 0.0
17 23.003427215856792 0.0
18 23.25358294542525 0.0
19 25.832376604448243 0.0
20 27.175243440579376 0.0
21 27.50493002750703 0.0

0.5000000000 0.3333333333E-01 0.000000000
1 -14.310802794840173 2.0
2 -13.180208121518223 2.0
3 -6.6519107136585225 2.0
4 -2.5171006378792926 2.0
5 1.5527121637030905 0.0
6 7.497060503130451 0.0
7 10.351587062792078 0.0
8 11.38206558478985 0.0
9 12.448574474740278 0.0
10 13.758429131920165 0.0
11 14.603040127781007 0.0
12 15.521499424490157 0.0
13 18.10711984071974 0.0
14 19.567338152869546 0.0
15 21.589431576655358 0.0
16 21.808641162657853 0.0
17 23.081520958274176 0.0
18 23.424305509232273 0.0
19 25.771783633798176 0.0
20 26.819740731235505 0.0
21 27.502092750685936 0.0

0.1333333333 0.6666666667E-01 0.000000000
1 -19.18236877214535 2.0
2 -7.43511344219915 2.0
3 -4.3007551716057355 2.0
4 -3.8485530161329473 2.0
5 3.300245017316506 0.0
6 6.12351877469487 0.0
7 7.835638600993682 0.0
8 8.438550730749135 0.0
9 9.320808693086985 0.0
10 10.222871886022581 0.0
11 13.350150926725536 0.0
12 15.563076085215938 0.0
13 18.911101110327053 0.0
14 23.06441286313722 0.0
15 24.544001856373256 0.0
16 26.791946632201036 0.0
17 28.567424372664092 0.0
18 29.535138738387783 0.0
19 29.928355895725414 0.0
20 31.868308166388168 0.0
21 33.38241658270189 0.0

0.1666666667 0.6666666667E-01 0.000000000
1 -18.99985573236903 2.0
2 -7.215749570357778 2.0
3 -4.857976681763535 2.0
4 -4.195949638551568 2.0
5 3.5507970562353894 0.0
6 6.363380259972463 0.0
7 8.049504507483904 0.0
8 8.574704164439218 0.0
9 9.671713423747267 0.0
10 9.855997927489339 0.0
11 13.729112422489441 0.0
12 15.734086798555337 0.0
13 19.136215931777503 0.0
14 23.37522779859101 0.0
15 23.479763367482228 0.0
16 26.22381305955449 0.0
17 27.889049574869656 0.0
18 28.784390415245408 0.0
19 28.985960554813996 0.0
20 31.55435260702169 0.0
21 32.24176640146516 0.0

0.2000000000 0.6666666667E-01 0.000000000
1 -18.765753422702574 2.0
2 -6.935542072903073 2.0
3 -5.52546861216553 2.0
4 -4.57519827430542 2.0
5 3.872849902364804 0.0
6 6.669296985354796 0.0
7 8.2832536215203 0.0
8 8.70294884273483 0.0
9 9.008007955020263 0.0
10 10.525175663134322 0.0
11 14.227046009196977 0.0
12 15.934000951117985 0.0
13 19.419558725155472 0.0
14 22.284108321384664 0.0
15 23.812047463543347 0.0
16 25.559094157169525 0.0
17 26.290432965856358 0.0
18 28.247897989459798 0.0
19 28.792318833587583 0.0
20 30.616801219398695 0.0
21 30.87751454505411 0.0

0.2333333333 0.6666666667E-01 0.000000000
1 -18.48046718667664 2.0
2 -6.595854202190017 2.0
3 -6.276607048625682 2.0
4 -4.959375901650847 2.0
5 4.266238007073108 0.0
6 7.034479329014086 0.0
7 8.260699967440967 0.0
8 8.418192736214602 0.0
9 8.933665680435153 0.0
10 11.311714725319794 0.0
11 14.816999309461005 0.0
12 16.141582417887225 0.0
13 19.75680965840416 0.0
14 21.31942879530963 0.0
15 23.55523971740622 0.0
16 24.84452723333689 0.0
17 25.28040484553967 0.0
18 27.570949775800692 0.0
19 28.130937083910194 0.0
20 29.157365566582378 0.0
21 30.413540001020465 0.0

0.2666666667 0.6666666667E-01 0.000000000
1 -18.14460057828045 2.0
2 -7.08501770060968 2.0
3 -6.19884252860707 2.0
4 -5.3307696469493 2.0
5 4.7306848237630215 0.0
6 7.278110791308881 0.0
7 7.631173950895306 0.0
8 8.409486646386044 0.0
9 9.326071636416264 0.0
10 12.183533752262692 0.0
11 15.457501030485565 0.0
12 16.319699319437433 0.0
13 20.139648199826727 0.0
14 20.522007815409093 0.0
15 22.373094700082156 0.0
16 24.08639290185666 0.0
17 25.062425445492277 0.0
18 26.827904634193114 0.0
19 27.082259701078932 0.0
20 28.106168545441673 0.0
21 30.02692998595445 0.0

0.3000000000 0.6666666667E-01 0.000000000
1 -17.75889951603376 2.0
2 -7.927883518703884 2.0
3 -5.747602513329167 2.0
4 -5.6773695499111625 2.0
5 5.265793071637629 0.0
6 6.510701034329084 0.0
7 8.028049455980339 0.0
8 8.334948229407734 0.0
9 9.82154241035225 0.0
10 13.096896658374357 0.0
11 16.090026492829793 0.0
12 16.40972800851597 0.0
13 19.93298440440497 0.0
14 20.51650020090038 0.0
15 21.06004566561719 0.0
16 23.28205711686705 0.0
17 24.66894933371858 0.0
18 26.029097024635664 0.0
19 26.07588680464251 0.0
20 27.665776177858994 0.0
21 29.575506040753496 0.0

0.3333333333 0.6666666667E-01 0.000000000
1 -17.324313990247514 2.0
2 -8.78617227432305 2.0
3 -5.990436213971111 2.0
4 -5.2466997262788775 2.0
5 5.6143089800067045 0.0
6 5.870927149858137 0.0
7 8.236750110739044 0.0
8 8.587645614018252 0.0
9 10.394964551290506 0.0
10 13.983681496043534 0.0
11 16.346236176235454 0.0
12 16.613621902508974 0.0
13 19.567231089670358 0.0
14 19.75520549820446 0.0
15 21.05738124912722 0.0
16 22.470057122490033 0.0
17 23.811578537887588 0.0
18 25.24651544768774 0.0
19 25.50219786150439 0.0
20 27.557259210364 0.0
21 29.13041905597012 0.0

0.3666666667 0.6666666667E-01 0.000000000
1 -16.842194763250394 2.0
2 -9.645174770997754 2.0
3 -6.26361708658725 2.0
4 -4.703473641602438 2.0
5 4.705980071505 0.0
6 6.544773649165749 0.0
7 8.135464033074603 0.0
8 9.211683676281764 0.0
9 11.038248516828618 0.0
10 14.680244550394242 0.0
11 16.107188662433497 0.0
12 16.84722497303539 0.0
13 18.972619034091565 0.0
14 19.331133273810636 0.0
15 21.453914122042338 0.0
16 21.787168391099563 0.0
17 22.917984015435554 0.0
18 24.604449624345175 0.0
19 25.13841473548928 0.0
20 27.518494713070947 0.0
21 28.712915926887653 0.0

0.4000000000 0.6666666667E-01 0.000000000
1 -16.314507552931154 2.0
2 -10.492762921089552 2.0
3 -6.492308534549929 2.0
4 -4.129932342003811 2.0
5 3.815274222740404 0.0
6 7.2823814333427626 0.0
7 8.046959080943711 0.0
8 9.889882604165757 0.0
9 11.746900490748413 0.0
10 14.755807021634563 0.0
11 15.727253918786841 0.0
12 16.905322020099124 0.0
13 18.725388136700584 0.0
14 19.008520733004357 0.0
15 21.450639525590606 0.0
16 21.587158391871142 0.0
17 22.530559103706768 0.0
18 24.11610144164363 0.0
19 24.844433005748595 0.0
20 27.456589190320752 0.0
21 28.316960215638233 0.0

0.4333333333 0.6666666667E-01 0.000000000
1 -15.74453019661763 2.0
2 -11.318319127404814 2.0
3 -6.673341990573924 2.0
4 -3.547710120387764 2.0
5 2.9751343025422528 0.0
6 7.900301048062529 0.0
7 8.160981232970633 0.0
8 10.611453276224543 0.0
9 12.516339017120027 0.0
10 14.048879218291225 0.0
11 15.242753393446815 0.0
12 17.045158781589187 0.0
13 18.530389206768074 0.0
14 18.69024255785627 0.0
15 21.51114436672404 0.0
16 21.51525380578466 0.0
17 22.75138405011554 0.0
18 23.74496383984505 0.0
19 24.612723417765 0.0
20 27.383925782075135 0.0
21 27.92090735973991 0.0

0.4666666667 0.6666666667E-01 0.000000000
1 -15.139738146474265 2.0
2 -12.109077233393569 2.0
3 -6.804103681280209 2.0
4 -2.9999323054998 2.0
5 2.2371863191653683 0.0
6 7.880689347564902 0.0
7 8.99818336837145 0.0
8 11.356388360173584 0.0
9 13.034976822434995 0.0
10 13.346891402660647 0.0
11 14.670848856009744 0.0
12 16.723745098269024 0.0
13 18.063975548359164 0.0
14 18.91197233455935 0.0
15 21.6366624641178 0.0
16 21.79691921584368 0.0
17 23.031624897845226 0.0
18 23.463287986055985 0.0
19 24.450442250469102 0.0
20 27.367350374314192 0.0
21 27.51923771997239 0.0

0.5000000000 0.6666666667E-01 0.000000000
1 -14.527377007065242 2.0
2 -12.83438608052245 2.0
3 -6.883180644553405 2.0
4 -2.571918908550254 2.0
5 1.6928213389250881 0.0
6 7.847074923492122 0.0
7 9.934850181856055 0.0
8 11.976647084703027 0.0
9 12.069607846908925 0.0
10 14.058100656400482 0.0
11 14.212320311742936 0.0
12 15.984782301344787 0.0
13 17.750316225749053 0.0
14 19.238669796967244 0.0
15 21.826225065210153 0.0
16 22.10091495341398 0.0
17 23.19381167700565 0.0
18 23.258031539040623 0.0
19 24.360854442991663 0.0
20 27.18628864293875 0.0
21 27.45885445659157 0.0

0.5333333333 0.6666666667E-01 0.000000000
1 -14.132242249733164 2.0
2 -13.267294375373517 2.0
3 -6.909564031854138 2.0
4 -2.4008715156227645 2.0
5 1.4825799567012805 0.0
6 7.835150235523586 0.0
7 10.888711486628946 0.0
8 10.976689332439145 0.0
9 12.475445492803676 0.0
10 13.684079828633987 0.0
11 15.063502968948866 0.0
12 15.152930844224782 0.0
13 17.642434467248886 0.0
14 19.37983981842237 0.0
15 21.909366391882653 0.0
16 22.242486810852075 0.0
17 23.168895481391946 0.0
18 23.23869346807967 0.0
19 24.333743284444644 0.0
20 27.053352269945318 0.0
21 27.55006552666185 0.0

0.2000000000 0.1000000000 0.000000000
1 -18.79173395631449 2.0
2 -6.966466115381128 2.0
3 -5.396283113796159 2.0
4 -4.605131903958279 2.0
5 3.8371754430174128 0.0
6 6.636232604080178 0.0
7 8.302228798713141 0.0
8 8.815477601230906 0.0
9 9.084446137650474 0.0
10 10.24779992675272 0.0
11 14.223640504208293 0.0
12 15.906105497833167 0.0
13 19.388326682438773 0.0
14 22.268620103744098 0.0
15 23.813366731413602 0.0
16 25.822834224365046 0.0
17 26.908095106439465 0.0
18 27.524228124941587 0.0
19 29.030932132578073 0.0
20 30.829839543277885 0.0
21 31.288738918874174 0.0

0.2333333333 0.1000000000 0.000000000
1 -18.53230845305139 2.0
2 -6.657186566069438 2.0
3 -6.0293583005653275 2.0
4 -5.039343893603252 2.0
5 4.194990619502685 0.0
6 6.974011998776594 0.0
7 8.401868889556086 0.0
8 8.586427341208049 0.0
9 9.03793812610593 0.0
10 10.744738871985636 0.0
11 14.846714407192062 0.0
12 16.08213135945528 0.0
13 19.696061830476104 0.0
14 21.269047242932974 0.0
15 23.89346622511118 0.0
16 25.241168198041592 0.0
17 25.57945784432606 0.0
18 26.77991256262321 0.0
19 29.01100420039747 0.0
20 29.86976482866552 0.0
21 30.073980105456922 0.0

0.2666666667 0.1000000000 0.000000000
1 -18.222066398912236 2.0
2 -6.747488672435836 2.0
3 -6.289526797124184 2.0
4 -5.460229569427824 2.0
5 4.624010140587616 0.0
6 7.349924918584066 0.0
7 7.6694282673499075 0.0
8 8.796744665240706 0.0
9 9.299390801452477 0.0
10 11.386815808458344 0.0
11 15.551815929232053 0.0
12 16.220905625157975 0.0
13 20.053164207419798 0.0
14 20.445716647735352 0.0
15 23.130211227755797 0.0
16 24.5188388888611 0.0
17 24.829987765168035 0.0
18 26.28198800193249 0.0
19 28.137625751495 0.0
20 28.523905039372583 0.0
21 29.626863559430387 0.0

0.3000000000 0.1000000000 0.000000000
1 -17.86172457446442 2.0
2 -7.528284692641075 2.0
3 -5.866093229407826 2.0
4 -5.849527065354789 2.0
5 5.1238941741539366 0.0
6 6.799078712408203 0.0
7 7.869204547981864 0.0
8 8.841606415128753 0.0
9 9.709938038973782 0.0
10 12.145796735145183 0.0
11 16.25847448679304 0.0
12 16.28073299257146 0.0
13 19.866733285857478 0.0
14 20.442920710452242 0.0
15 21.806352943582734 0.0
16 23.678542821565255 0.0
17 24.468600748653373 0.0
18 25.669419054608987 0.0
19 27.12377863556993 0.0
20 27.626734614231193 0.0
21 29.111067923543764 0.0

0.3333333333 0.1000000000 0.000000000
1 -17.4521238088218 2.0
2 -8.34735449088436 2.0
3 -6.1993440290133055 2.0
4 -5.390584698489367 2.0
5 5.694184986589045 0.0
6 5.943563599783397 0.0
7 8.39529995751304 0.0
8 8.792277799179466 0.0
9 10.233373704210008 0.0
10 12.962852311203735 0.0
11 16.13492763664171 0.0
12 16.941481750981996 0.0
13 19.57174318105554 0.0
14 20.401801734358564 0.0
15 20.967967314244476 0.0
16 22.761094365268953 0.0
17 24.030772912725173 0.0
18 24.762670109942327 0.0
19 26.25625850152211 0.0
20 27.280662870670668 0.0
21 28.622936825118273 0.0

0.3666666667 0.1000000000 0.000000000
1 -16.99444122845744 2.0
2 -9.183909204820194 2.0
3 -6.505144534564982 2.0
4 -4.868483438817565 2.0
5 5.063907533054479 0.0
6 6.334148139857025 0.0
7 8.70833690129693 0.0
8 8.982692358842653 0.0
9 10.837185192049999 0.0
10 13.753698040577339 0.0
11 15.856023586357296 0.0
12 17.305428009257646 0.0
13 19.47558196798315 0.0
14 19.48184279638429 0.0
15 21.33875142108775 0.0
16 21.879742770668738 0.0
17 23.34680132054588 0.0
18 24.040843204586096 0.0
19 25.556511353069187 0.0
20 27.13576887848907 0.0
21 28.195188581902812 0.0

0.4000000000 0.1000000000 0.000000000
1 -16.490380407649543 2.0
2 -10.021715247958246 2.0
3 -6.764312468451573 2.0
4 -4.308999925034157 2.0
5 4.18504988105168 0.0
6 7.042351781698168 0.0
7 8.617352167374028 0.0
8 9.621536585350476 0.0
9 11.510188173758788 0.0
10 14.341220264709596 0.0
11 15.488048875548769 0.0
12 17.045652385251135 0.0
13 19.190440085640116 0.0
14 19.316110765439976 0.0
15 21.296488791247235 0.0
16 21.613960448118377 0.0
17 22.69480035613446 0.0
18 23.636076617901953 0.0
19 24.99108999099141 0.0
20 27.007887333421774 0.0
21 27.83526297737674 0.0

0.4333333333 0.1000000000 0.000000000
1 -15.942445052440906 2.0
2 -10.847422779513561 2.0
3 -6.974335770734703 2.0
4 -3.727531652017966 2.0
5 3.3340238389792898 0.0
6 7.813764273729701 0.0
7 8.538375423636374 0.0
8 10.300157202644847 0.0
9 12.24605052710327 0.0
10 14.325408547224782 0.0
11 15.087336812626665 0.0
12 16.73883645144689 0.0
13 18.793394675380497 0.0
14 19.125925129726998 0.0
15 21.27300759080835 0.0
16 21.614622131070888 0.0
17 22.64411956558553 0.0
18 23.35551722007918 0.0
19 24.518811263861785 0.0
20 26.894395261920064 0.0
21 27.545725637092254 0.0

0.4666666667 0.1000000000 0.000000000
1 -15.355483554297052 2.0
2 -11.648395680708758 2.0
3 -7.133361441250872 2.0
4 -3.153923330775016 2.0
5 2.5499566642905642 0.0
6 8.419598285948368 0.0
7 8.706889220173842 0.0
8 10.997249665399526 0.0
9 13.035724313772896 0.0
10 13.602315087895732 0.0
11 14.672003165735438 0.0
12 16.693468983387735 0.0
13 18.11335295160285 0.0
14 18.934559034146144 0.0
15 21.6155540285311 0.0
16 21.757893140936925 0.0
17 22.79523385480846 0.0
18 23.19473677978272 0.0
19 24.101703989699594 0.0
20 26.856407709569385 0.0
21 27.327639791544144 0.0

0.5000000000 0.1000000000 0.000000000
1 -14.742834668084168 2.0
2 -12.406469869583107 2.0
3 -7.240097077931469 2.0
4 -2.6480649306897575 2.0
5 1.8999631148634926 0.0
6 8.398087736822553 0.0
7 9.58677472786931 0.0
8 11.66561014787569 0.0
9 12.601362495514111 0.0
10 13.88136227279294 0.0
11 14.24385800091336 0.0
12 16.327230530453434 0.0
13 17.544758426236708 0.0
14 18.94306183587148 0.0
15 22.041006553213396 0.0
16 22.077900398316686 0.0
17 22.760971266399853 0.0
18 23.192824099606902 0.0
19 23.70891974646917 0.0
20 26.948180542381888 0.0
21 27.181549162325542 0.0

0.5333333333 0.1000000000 0.000000000
1 -14.176327038352007 2.0
2 -13.04653292945569 2.0
3 -7.293742298667142 2.0
4 -2.3261559995956924 2.0
5 1.5046210829601032 0.0
6 8.37541317983299 0.0
7 10.548435207784262 0.0
8 11.565926943312377 0.0
9 12.16750027014339 0.0
10 13.880624740822403 0.0
11 14.744390310382189 0.0
12 15.606270968985823 0.0
13 17.22920511223086 0.0
14 19.0817726691117 0.0
15 22.26500202068492 0.0
16 22.49491245167498 0.0
17 22.65439109109002 0.0
18 23.209056494238524 0.0
19 23.361674158128768 0.0
20 27.09817271839132 0.0
21 27.10807552144876 0.0

0.2666666667 0.1333333333 0.000000000
1 -18.247910810285596 2.0
2 -6.600443426970649 2.0
3 -6.31976352896616 2.0
4 -5.539379135400663 2.0
5 4.5884586304467 0.0
6 7.343517094274427 0.0
7 7.715313859251152 0.0
8 8.936395831470875 0.0
9 9.39955009642955 0.0
10 11.00046867987371 0.0
11 15.587248661672007 0.0
12 16.18450833070976 0.0
13 20.023920688454663 0.0
14 20.408133451142014 0.0
15 23.605981845140885 0.0
16 24.51453040123123 0.0
17 24.70631736988087 0.0
18 26.080582657240146 0.0
19 28.581114203393355 0.0
20 28.932832336811305 0.0
21 29.824937090289144 0.0

0.3000000000 0.1333333333 0.000000000
1 -17.913205034184376 2.0
2 -7.251051345280284 2.0
3 -6.018060660896889 2.0
4 -5.925486205135832 2.0
5 5.052936508934013 0.0
6 6.963242551163161 0.0
7 7.777674008073638 0.0
8 9.252924469588248 0.0
9 9.743368674622715 0.0
10 11.42380069197546 0.0
11 16.16823794898294 0.0
12 16.382950330949672 0.0
13 19.805736843820128 0.0
14 20.392112263127014 0.0
15 22.616862845170065 0.0
16 23.677158646375386 0.0
17 23.98807925724766 0.0
18 25.757439965159058 0.0
19 27.569031699606978 0.0
20 27.79210343303417 0.0
21 29.19535451215603 0.0

0.3333333333 0.1333333333 0.000000000
1 -17.52895926408551 2.0
2 -7.976065580172557 2.0
3 -6.442507213283332 2.0
4 -5.477180654866142 2.0
5 5.58801702024262 0.0
6 6.165072866296896 0.0
7 8.270762011530717 0.0
8 9.402382526902755 0.0
9 10.168304210177721 0.0
10 12.043404492860734 0.0
11 15.97162889139373 0.0
12 17.154806006665577 0.0
13 19.530225166309396 0.0
14 20.740006706972455 0.0
15 21.328781052158263 0.0
16 23.123039906370867 0.0
17 23.178397738286122 0.0
18 25.12460654067213 0.0
19 26.635028709404125 0.0
20 26.986483550891034 0.0
21 28.775099169045877 0.0

0.3666666667 0.1333333333 0.000000000
1 -17.09625649411362 2.0
2 -8.752964780204747 2.0
3 -6.805826708978443 2.0
4 -4.979359970921281 2.0
5 5.33498801863134 0.0
6 6.193121342812268 0.0
7 8.819243733279231 0.0
8 9.402150658680554 0.0
9 10.713380538504234 0.0
10 12.775146960693418 0.0
11 15.620100268954152 0.0
12 17.730000800707163 0.0
13 19.530791886966185 0.0
14 20.04865641815479 0.0
15 21.25448363282224 0.0
16 22.182809696550027 0.0
17 22.75782006270019 0.0
18 24.140241919548483 0.0
19 25.871648487970376 0.0
20 26.57817231379464 0.0
21 28.283234341890804 0.0

0.4000000000 0.1333333333 0.000000000
1 -16.61655662330422 2.0
2 -9.556249721322581 2.0
3 -7.110188173022162 2.0
4 -4.438794898590389 2.0
5 4.490608942694334 0.0
6 6.8673757462419855 0.0
7 9.340154712493861 0.0
8 9.415104181951664 0.0
9 11.344143424121459 0.0
10 13.500095221579738 0.0
11 15.207538286789502 0.0
12 17.610931072588546 0.0
13 19.583391676174813 0.0
14 19.58614714196316 0.0
15 21.355422789802294 0.0
16 21.534897583064392 0.0
17 22.43020271121684 0.0
18 23.2147232899145 0.0
19 25.26470799003734 0.0
20 26.304268197906886 0.0
21 27.84035852714239 0.0

0.4333333333 0.1333333333 0.000000000
1 -16.091959635968063 2.0
2 -10.364940432893825 2.0
3 -7.3578696828059575 2.0
4 -3.866588146055395 2.0
5 3.6542278455661625 0.0
6 7.609243625319569 0.0
7 9.262215884498373 0.0
8 10.044805028932815 0.0
9 12.043293541154455 0.0
10 14.01735741240695 0.0
11 14.813226494296218 0.0
12 16.90023908553214 0.0
13 19.23446068531994 0.0
14 19.62958863164204 0.0
15 21.080193936555645 0.0
16 21.49194153363159 0.0
17 22.33492115790649 0.0
18 22.720950179943625 0.0
19 24.775027192280586 0.0
20 26.087420807854155 0.0
21 27.446986400960085 0.0

0.4666666667 0.1333333333 0.000000000
1 -15.525974867580342 2.0
2 -11.16282955204106 2.0
3 -7.550400139998582 2.0
4 -3.2835089072718078 2.0
5 2.8548431859097074 0.0
6 8.414291290105892 0.0
7 9.192128161854457 0.0
8 10.683261670060643 0.0
9 12.79998794403554 0.0
10 13.939206496145923 0.0
11 14.479578683286547 0.0
12 16.48108832878159 0.0
13 18.459166758433142 0.0
14 19.36143239047672 0.0
15 21.37433756860222 0.0
16 21.42666092278025 0.0
17 22.29839999722808 0.0
18 22.745722209633 0.0
19 24.363301138459136 0.0
20 25.943971552523656 0.0
21 27.097208814898607 0.0

0.5000000000 0.1333333333 0.000000000
1 -14.92644029127762 2.0
2 -11.933413451919126 2.0
3 -7.687968456927911 2.0
4 -2.7300888087246014 2.0
5 2.1410684048507758 0.0
6 9.08892079977387 0.0
7 9.331920457218253 0.0
8 11.282011347532793 0.0
9 13.190737774232641 0.0
10 13.621906276450408 0.0
11 14.225486712409786 0.0
12 16.37235943901051 0.0
13 17.66747161203218 0.0
14 18.95954233848061 0.0
15 21.427470782615426 0.0
16 21.851148352111114 0.0
17 22.42468458767076 0.0
18 22.79721700703237 0.0
19 23.994353819235435 0.0
20 25.88432953002531 0.0
21 26.796619771454573 0.0

0.5333333333 0.1333333333 0.000000000
1 -14.321342355220324 2.0
2 -12.643204366573661 2.0
3 -7.7706781674763326 2.0
4 -2.2912844783231567 2.0
5 1.6037434026205202 0.0
6 9.078941641566626 0.0
7 10.236352531941217 0.0
8 11.746882188370023 0.0
9 12.226662112356623 0.0
10 14.060657125321212 0.0
11 14.446758543251455 0.0
12 15.988603228961594 0.0
13 17.075772777532354 0.0
14 18.832701566351037 0.0
15 21.391567559865006 0.0
16 22.328559911326685 0.0
17 22.615028209971143 0.0
18 22.747272034136643 0.0
19 23.652052289431175 0.0
20 25.865100609376864 0.0
21 26.577896705990188 0.0

0.5666666667 0.1333333333 0.000000000
1 -13.933932189341744 2.0
2 -13.065911594362648 2.0
3 -7.798336865373978 2.0
4 -2.113286293792519 2.0
5 1.392179658047614 0.0
6 9.067821700413791 0.0
7 11.164919108948611 0.0
8 11.26980267337398 0.0
9 11.93162365564246 0.0
10 14.000933550298287 0.0
11 15.176174083812086 0.0
12 15.376566691457962 0.0
13 16.850618608417395 0.0
14 18.85131333548056 0.0
15 21.3713458617219 0.0
16 22.581901841158654 0.0
17 22.67153870260208 0.0
18 22.730162124000223 0.0
19 23.4564287792713 0.0
20 25.857012645234853 0.0
21 26.495294377014172 0.0

0.3333333333 0.1666666667 0.000000000
1 -17.554588338153813 2.0
2 -7.808789858171064 2.0
3 -6.568711666193517 2.0
4 -5.5060656937500125 2.0
5 5.552609765823609 0.0
6 6.244215874325651 0.0
7 8.226857433038425 0.0
8 9.705730783143023 0.0
9 10.221173794838702 0.0
10 11.56346822313332 0.0
11 15.9109527491416 0.0
12 17.22908082966646 0.0
13 19.50923540229925 0.0
14 20.74489063106613 0.0
15 21.994226495834855 0.0
16 22.406258811087366 0.0
17 23.294160689767633 0.0
18 25.38668600853174 0.0
19 26.589242760157035 0.0
20 26.811377676305376 0.0
21 28.549701732859017 0.0

0.3666666667 0.1666666667 0.000000000
1 -17.147245943416735 2.0
2 -8.443613504400052 2.0
3 -7.055080585178242 2.0
4 -5.035001685623546 2.0
5 5.483050855654303 0.0
6 6.122471013873161 0.0
7 8.732729936240949 0.0
8 10.022830419547102 0.0
9 10.700426441072876 0.0
10 11.959090494219101 0.0
11 15.48190497447433 0.0
12 17.974951454680333 0.0
13 19.532776783439957 0.0
14 20.656889590270296 0.0
15 21.27171618739761 0.0
16 21.827794076462236 0.0
17 22.465134482036003 0.0
18 24.701877168257013 0.0
19 25.68196837450652 0.0
20 25.982000988640042 0.0
21 28.169509931409912 0.0

0.4000000000 0.1666666667 0.000000000
1 -16.692486679555643 2.0
2 -9.151213012649457 2.0
3 -7.4529420295365725 2.0
4 -4.517382941281212 2.0
5 4.695841100826333 0.0
6 6.761769330388964 0.0
7 9.28269319007704 0.0
8 10.118848604131102 0.0
9 11.260399966615246 0.0
10 12.584955792905616 0.0
11 14.997785016697785 0.0
12 18.239075833726083 0.0
13 19.723421717420244 0.0
14 19.873640455431566 0.0
15 21.259416469382696 0.0
16 21.57485183563486 0.0
17 21.73279982096787 0.0
18 23.747666999906755 0.0
19 24.96165802773424 0.0
20 25.501769029105123 0.0
21 27.82486809177384 0.0

0.4333333333 0.1666666667 0.000000000
1 -16.192094105997466 2.0
2 -9.904393565686378 2.0
3 -7.767260447296362 2.0
4 -3.961205463985205 2.0
5 3.899252476413979 0.0
6 7.469393715287675 0.0
7 9.859456804891005 0.0
8 10.092145493926534 0.0
9 11.911737150076274 0.0
10 13.257191174062068 0.0
11 14.55963616804604 0.0
12 17.52385190457823 0.0
13 19.707277890408573 0.0
14 19.897557914257025 0.0
15 20.93515844244443 0.0
16 20.95787388182069 0.0
17 21.935016949340397 0.0
18 23.00084841455137 0.0
19 24.426522288196107 0.0
20 25.1822870494409 0.0
21 27.478337999623392 0.0

0.4666666667 0.1666666667 0.000000000
1 -15.648952918124973 2.0
2 -10.674329121633468 2.0
3 -8.009276960076814 2.0
4 -3.381024246000231 2.0
5 3.115085196749646 0.0
6 8.24339048899782 0.0
7 10.029067593090177 0.0
8 10.432225295677968 0.0
9 12.629460110350768 0.0
10 13.728217293054326 0.0
11 14.233676659385168 0.0
12 16.656438463654744 0.0
13 19.002176226869373 0.0
14 19.88722103788733 0.0
15 20.49655456771302 0.0
16 21.095273700404107 0.0
17 22.08871938970106 0.0
18 22.78720745370669 0.0
19 24.047540049192467 0.0
20 24.957483531691384 0.0
21 27.20539352048299 0.0

0.5000000000 0.1666666667 0.000000000
1 -15.06823951617463 2.0
2 -11.437461205157181 2.0
3 -8.186817739436286 2.0
4 -2.8034613674648945 2.0
5 2.376935771834204 0.0
6 9.079429326752065 0.0
7 9.96796543209612 0.0
8 10.947536544399169 0.0
9 13.367210313481115 0.0
10 13.639584022910455 0.0
11 14.069238921700814 0.0
12 16.229457965211967 0.0
13 18.09014515484613 0.0
14 19.37881470291629 0.0
15 20.24460583364546 0.0
16 21.507803515989075 0.0
17 22.303444789594966 0.0
18 22.803042317196642 0.0
19 23.80453367597796 0.0
20 24.811317815373577 0.0
21 26.906998087566375 0.0

0.5333333333 0.1666666667 0.000000000
1 -14.46388307406571 2.0
2 -12.168770669085085 2.0
3 -8.303650925623405 2.0
4 -2.285478509468001 2.0
5 1.7482574604475962 0.0
6 9.865319408260127 0.0
7 10.031702656657801 0.0
8 11.330518761941116 0.0
9 12.860947433010368 0.0
10 14.090462815199357 0.0
11 14.21646810253133 0.0
12 16.102465661035804 0.0
13 17.27143183120495 0.0
14 18.862566092688525 0.0
15 20.130592710356492 0.0
16 21.897152525791345 0.0
17 22.298428008629084 0.0
18 22.964334962858686 0.0
19 23.688516578312328 0.0
20 24.707479902887485 0.0
21 26.44383319656137 0.0

0.5666666667 0.1666666667 0.000000000
1 -13.908370199503956 2.0
2 -12.789277006344811 2.0
3 -8.361791135388003 2.0
4 -1.946773291709124 2.0
5 1.3531708920315364 0.0
6 9.880593709029998 0.0
7 10.93661716204752 0.0
8 11.525119001526908 0.0
9 11.919134222563775 0.0
10 14.212408367788825 0.0
11 14.987156091404064 0.0
12 15.731155639730552 0.0
13 16.740180326573725 0.0
14 18.665288285349792 0.0
15 20.07187498789932 0.0
16 22.12749134563508 0.0
17 22.16471541179502 0.0
18 23.13551106428255 0.0
19 23.66903450469536 0.0
20 24.638720463246088 0.0
21 26.14080610542841 0.0

0.4000000000 0.2000000000 0.000000000
1 -16.71783349807783 2.0
2 -8.962771349238706 2.0
3 -7.622276989519063 2.0
4 -4.543665654616251 2.0
5 4.768780054290212 0.0
6 6.726496565525335 0.0
7 9.236698583920216 0.0
8 10.579817783889672 0.0
9 11.28326012430698 0.0
10 12.022785369700369 0.0
11 14.921201489890217 0.0
12 18.55577130213139 0.0
13 19.75819699011483 0.0
14 20.019546722066067 0.0
15 20.89539797848225 0.0
16 21.614823498050246 0.0
17 21.70750139789612 0.0
18 24.18307064962618 0.0
19 24.76428883639708 0.0
20 24.973220910390115 0.0
21 27.744089023637297 0.0

0.4333333333 0.2000000000 0.000000000
1 -16.242298055098374 2.0
2 -9.563111358084061 2.0
3 -8.087227543391162 2.0
4 -4.009079038131424 2.0
5 4.033469730175086 0.0
6 7.399064053487505 0.0
7 9.760647406920546 0.0
8 10.877569795415084 0.0
9 11.87270517846212 0.0
10 12.434658582698638 0.0
11 14.413492049405496 0.0
12 18.308000068243725 0.0
13 19.398004939858048 0.0
14 20.026223443852313 0.0
15 20.79234822747194 0.0
16 20.910981563868194 0.0
17 21.827139114722122 0.0
18 23.44264173858581 0.0
19 24.060529662925155 0.0
20 24.39273431806527 0.0
21 27.347160097158785 0.0

0.4666666667 0.2000000000 0.000000000
1 -15.723145002184838 2.0
2 -10.238589188160537 2.0
3 -8.43521018206056 2.0
4 -3.441437569799441 2.0
5 3.292069386251426 0.0
6 8.138497177453898 0.0
7 10.266714087854181 0.0
8 10.917743818025428 0.0
9 12.523661386188868 0.0
10 13.053622943218517 0.0
11 14.04828184128669 0.0
12 17.3017938088944 0.0
13 19.220354544871363 0.0
14 19.62260833418856 0.0
15 20.718692496161818 0.0
16 20.73946444390962 0.0
17 21.885019004039062 0.0
18 22.968470233688272 0.0
19 23.615867986666526 0.0
20 24.10118670124706 0.0
21 27.028924769059483 0.0

0.5000000000 0.2000000000 0.000000000
1 -15.16424834548404 2.0
2 -10.95352647800795 2.0
3 -8.683539771824883 2.0
4 -2.8578670239949058 2.0
5 2.5666036488818906 0.0
6 8.941997779692286 0.0
7 10.694337128760383 0.0
8 10.872183404910961 0.0
9 13.209771698087247 0.0
10 13.53437166058394 0.0
11 13.901290477087409 0.0
12 16.416131332062324 0.0
13 18.680089693043787 0.0
14 19.062152745333147 0.0
15 20.0807203537661 0.0
16 21.04369839811853 0.0
17 22.015007866885714 0.0
18 22.90615089378174 0.0
19 23.43876147926243 0.0
20 23.925859557274144 0.0
21 26.9325118071261 0.0

0.5333333333 0.2000000000 0.000000000
1 -14.57392938133278 2.0
2 -11.671577022555768 2.0
3 -8.850944051299557 2.0
4 -2.294045179854331 2.0
5 1.8972492378694281 0.0
6 9.803786823000708 0.0
7 10.819238613420675 0.0
8 10.98000714873565 0.0
9 13.292765759458522 0.0
10 14.018418068704602 0.0
11 14.069658866861333 0.0
12 16.017883156761528 0.0
13 17.740779750536674 0.0
14 18.927767853105937 0.0
15 19.294540881886455 0.0
16 21.27874243399791 0.0
17 21.932378919731672 0.0
18 23.085892355907912 0.0
19 23.525333228390004 0.0
20 23.789576053157806 0.0
21 26.715524972324555 0.0

0.5666666667 0.2000000000 0.000000000
1 -13.980868067281342 2.0
2 -12.34705548937868 2.0
3 -8.948166073053358 2.0
4 -1.831815648142098 2.0
5 1.3696835737375903 0.0
6 10.675345287314606 0.0
7 10.822024882498251 0.0
8 11.116439183482676 0.0
9 12.592777888198311 0.0
10 14.327131286482322 0.0
11 14.795647487072301 0.0
12 15.908440904173176 0.0
13 16.95907735987266 0.0
14 18.71584431169278 0.0
15 18.848341868429333 0.0
16 21.38920910003857 0.0
17 21.68490752810905 0.0
18 23.329185474547263 0.0
19 23.663863100469413 0.0
20 23.776436477475517 0.0
21 26.196826733241874 0.0

0.6000000000 0.2000000000 0.000000000
1 -13.603756194747902 2.0
2 -12.752384211601028 2.0
3 -8.980084512103552 2.0
4 -1.6361886911159236 2.0
5 1.152173590239366 6.426363669e-21
6 10.753819336066167 0.0
7 11.152529375667996 0.0
8 11.604579648067313 0.0
9 11.745939267577244 0.0
10 14.527697192562643 0.0
11 15.279555274949148 0.0
12 15.699170100123014 0.0
13 16.608354820327847 0.0
14 18.531026372261575 0.0
15 18.81434383183895 0.0
16 21.417281321209583 0.0
17 21.558973044804087 0.0
18 23.4749944577548 0.0
19 23.568678147580233 0.0
20 23.929324595333657 0.0
21 25.962901221394134 0.0

0.4666666667 0.2333333333 0.000000000
1 -15.747928245686483 2.0
2 -10.029171445345785 2.0
3 -8.64271318479756 2.0
4 -3.461874752189089 2.0
5 3.354949876643985 0.0
6 8.103378129711173 0.0
7 10.208447924746064 0.0
8 11.525541330404861 0.0
9 12.424277147683963 0.0
10 12.554736021920686 0.0
11 13.980936283505523 0.0
12 18.051420435157496 0.0
13 18.358116257902854 0.0
14 20.124473258712595 0.0
15 20.34846889489472 0.0
16 21.07302377981805 0.0
17 21.70801462096755 0.0
18 23.16647509661383 0.0
19 23.434310929148385 0.0
20 23.638706334432182 0.0
21 26.9683436190356 0.0

0.5000000000 0.2333333333 0.000000000
1 -15.212636291022191 2.0
2 -10.584448908762845 2.0
3 -9.062577829545129 2.0
4 -2.8867815736271605 2.0
5 2.672587093185498 0.0
6 8.87209612850752 0.0
7 10.55626384741535 0.0
8 11.754657431097879 0.0
9 12.803575852388507 0.0
10 13.272090599890461 0.0
11 13.801549320434807 0.0
12 17.072400473156026 0.0
13 18.013466717444476 0.0
14 19.251212025577523 0.0
15 20.543436695001365 0.0
16 20.834531536121553 0.0
17 21.540490570576313 0.0
18 22.90064818004369 0.0
19 23.213757116992173 0.0
20 23.470313672101724 0.0
21 26.81915031762471 0.0

0.5333333333 0.2333333333 0.000000000
1 -14.64218459670818 2.0
2 -11.215161744477347 2.0
3 -9.341886192048664 2.0
4 -2.304649799121515 2.0
5 2.008185152837121 0.0
6 9.700433450063805 0.0
7 10.744755917197981 0.0
8 11.732074239058774 0.0
9 13.211664685382834 0.0
10 13.939568113700023 0.0
11 13.999200919701847 0.0
12 16.21368673826989 0.0
13 17.84020355983946 0.0
14 18.315210954984256 0.0
15 19.96794145188082 0.0
16 20.60592291417633 0.0
17 21.47316827308811 0.0
18 22.713399501901904 0.0
19 23.382271310815877 0.0
20 23.57549070316434 0.0
21 27.00645537231652 0.0

0.5666666667 0.2333333333 0.000000000
1 -14.051091879510153 2.0
2 -11.86971818187276 2.0
3 -9.509524432301141 2.0
4 -1.763301056009913 2.0
5 1.4104756472031694 0.0
6 10.578122906370508 0.0
7 10.797904532855805 0.0
8 11.683188863937772 0.0
9 13.080978900838483 0.0
10 14.340867806508108 0.0
11 14.685575644640375 0.0
12 15.872917125155979 0.0
13 17.421296815752793 0.0
14 17.722927475687523 0.0
15 19.132673232421645 0.0
16 20.58803104131791 0.0
17 21.218849389182584 0.0
18 22.54748616965445 0.0
19 23.7730395794483 0.0
20 23.780061676312194 0.0
21 26.47570780078946 0.0

0.6000000000 0.2333333333 0.000000000
1 -13.509633155322419 2.0
2 -12.449169634016833 2.0
3 -9.588340446543656 2.0
4 -1.3851985720081583 2.0
5 1.0035904546403192 1.511319478e-18
6 10.797238577715651 0.0
7 11.464666008968829 0.0
8 11.669022001280785 0.0
9 12.399476616788634 0.0
10 14.78402386588119 0.0
11 15.211074267654096 0.0
12 15.865401348438258 0.0
13 16.75032684569094 0.0
14 17.663697667594864 0.0
15 18.591654380292574 0.0
16 20.562354907878237 0.0
17 20.981231490864385 0.0
18 22.455831314528158 0.0
19 23.908719828900672 0.0
20 24.16424123022377 0.0
21 26.01467618994743 0.0

0.5333333333 0.2666666667 0.000000000
1 -14.665202234855533 2.0
2 -10.989278266672777 2.0
3 -9.580024021045 2.0
4 -2.3091096212433095 2.0
5 2.049233460416488 0.0
6 9.665565704915338 0.0
7 10.661754484262172 0.0
8 12.444205528852445 0.0
9 12.749545761969186 0.0
10 13.90820263995087 0.0
11 13.96646169000262 0.0
12 16.814805790055498 0.0
13 16.965188882118603 0.0
14 18.649628102632704 0.0
15 20.23545411655004 0.0
16 20.62837923312706 0.0
17 20.897046648346432 0.0
18 22.499177161626662 0.0
19 23.331819825176566 0.0
20 23.595471264887088 0.0
21 26.952083264704612 0.0

0.5666666667 0.2666666667 0.000000000
1 -14.090025737750059 2.0
2 -11.489954747508213 2.0
3 -9.93010306300673 2.0
4 -1.732305375203744 2.0
5 1.4419385589399643 0.0
6 10.509495425625571 0.0
7 10.624591129426083 0.0
8 12.505875852706763 0.0
9 13.065711492712747 0.0
10 14.326139113080439 0.0
11 14.660887341665338 0.0
12 16.06253621436504 0.0
13 16.760745424247837 0.0
14 17.884770346464013 0.0
15 19.76844662405908 0.0
16 19.96282920248743 0.0
17 20.648082660486587 0.0
18 22.046239251086863 0.0
19 23.762210128007055 0.0
20 23.898372674790394 0.0
21 26.712561995225837 0.0

0.6000000000 0.2666666667 0.000000000
1 -13.514287167692563 2.0
2 -12.047052130206511 2.0
3 -10.117146474777506 2.0
4 -1.219872672636249 2.0
5 0.9117895799500673 4.410631716e-17
6 10.553033221842652 0.0
7 11.381336646175091 0.0
8 12.445538990181765 0.0
9 12.942989675465562 0.0
10 14.89824570594494 0.0
11 15.161019279123776 0.0
12 15.847179785145224 0.0
13 16.688916722554183 0.0
14 17.105472593348896 0.0
15 18.9712989199472 0.0
16 19.80096199384708 0.0
17 20.415325518487816 0.0
18 21.730245294940115 0.0
19 24.128194698707684 0.0
20 24.28049870783322 0.0
21 26.18514829743431 0.0

0.6333333333 0.2666666667 0.000000000
1 -13.142410983563941 2.0
2 -12.417944592789818 2.0
3 -10.174753885599408 2.0
4 -0.9736199293409626 2.0
5 0.659826299763873 4.632780864e-13
6 10.521534883057877 0.0
7 12.15422560897636 0.0
8 12.252497320839154 0.0
9 12.529072585313834 0.0
10 15.261943886175603 0.0
11 15.305946537225063 0.0
12 15.963515111809585 0.0
13 16.67280008243851 0.0
14 16.680937125036756 0.0
15 18.612065254714 0.0
16 19.748525170909538 0.0
17 20.3003600783144 0.0
18 21.62556988401384 0.0
19 24.211465469944553 0.0
20 24.57561055909837 0.0
21 25.88995252897512 0.0

0.6000000000 0.3000000000 0.000000000
1 -13.522581418632567 2.0
2 -11.832007676808868 2.0
3 -10.368219464801514 2.0
4 -1.1618664569076895 2.0
5 0.8806876784092317 1.383209646e-16
6 10.466688353090186 0.0
7 11.34782435187717 0.0
8 12.88903454969421 0.0
9 13.062137603665974 0.0
10 14.924022676618625 0.0
11 15.20001520653571 0.0
12 15.844072767294548 0.0
13 16.16913185390568 0.0
14 17.33313178009547 0.0
15 19.388399881067777 0.0
16 19.44806390125076 0.0
17 19.964580739555036 0.0
18 21.476725933264127 0.0
19 24.205179109099703 0.0
20 24.310747358262375 0.0
21 26.278079211470633 0.0

0.6333333333 0.3000000000 0.000000000
1 -12.994159334895231 2.0
2 -12.246916842401491 2.0
3 -10.589985076179143 2.0
4 -0.6731489264414391 1.999999995
5 0.39790448678486623 7.016510582e-09
6 10.367457516054102 0.0
7 12.15252174353632 0.0
8 12.748313856254473 0.0
9 13.042932876661041 0.0
10 15.323672393415992 0.0
11 15.555568017483937 0.0
12 15.67203439146332 0.0
13 16.285634048953916 0.0
14 16.723910676833192 0.0
15 18.904341660484345 0.0
16 19.193277806006808 0.0
17 19.676828376410707 0.0
18 21.164131065661188 0.0
19 24.374410752890896 0.0
20 24.841166618972093 0.0
21 25.82437672628465 0.0

0.6666666667 0.3333333333 0.000000000
1 -12.551149392502872 2.0
2 -12.551142263119676 2.0
3 -10.780471024914148 2.0
4 -0.13185693643102442 1.000113114
5 -0.13184462123789414 0.9998868265
6 10.30000911011748 0.0
7 12.668545402676271 0.0
8 12.668601352007531 0.0
9 13.079326021372852 0.0
10 15.380976302041399 0.0
11 15.381055451800574 0.0
12 16.199445855200036 0.0
13 16.19944774639138 0.0
14 16.36113057067853 0.0
15 18.963053554262583 0.0
16 19.126645556620137 0.0
17 19.126681998108598 0.0
18 20.9658128772287 0.0
19 24.459748862938447 0.0
20 25.37264620944283 0.0
21 25.37264905847497 0.0
